982824214
3162470592
981019832
2945736352
7343427651
1369248308
2313976607
993167145
1587356549
1899187892
2453880610
5051212278
1458809226
880146748
992972409
1110224727
996802545
3549810470
963698207
948062797
3572154127
970961285
1274822102
1256300572
1947806829
997605560
1434858476
1196970838
857255197
997999716
994162826
962020771
3888950329
1117715969
1443027687
1056613955
2717753475
1478487947
1500765768
2663930000
944866844
1184058158
952411048
1864305407
970076737
995405962
973822762
2401603838
1007392624
1605272488
4562345776
998391942
999306353
2926105460
1793718349
992619343
2161411708
1038763767
957594439
3253858780
1961154766
1652696258
18954565541
984235773
1543500480
984985171
958031114
2266141878
999931175
1974941276
991035561
4051016606
1911333013
3008251107
935361282
1717464874
999648959
2166580679
938842261
4110380237
1881801534
5387097643
991054444
1791166612
990489160
859971383
2040731514
981164111
1065993421
1348801609
963382098
1503628355
1128894717
1493560347
1092468472
2050080400
998410763
935735952
1798642181
3233241933
957884968
2467060868
2667550600
4938975205
1894389820
959064386
2553432205
1288710440
989654840
2564392162
974720687
1398303322
1667130128
988698050
2168821664
1183232004
994047296
999231742
36251820256
1815992616
2417188188
2810260468
972171536
1066683287
1355488586
1421484791
1037237419
4063341871
2286437694
993218956
3512335135
998677926
1567599973
1598138305
987263109
980291470
977864266
1837244070
990330966
992315791
4445614578
1143968421
983189855
1074835323
1411076507
2776104448
21594702131
997200447
963068366
1416289790
997664695
979254777
3945875565
2481759266
999882851
847860009
986152322
992507355
979834337
1307815242
972197500
3206695942
1179377063
971311211
2718489612
3738969054
988762575
1209951563
4649948046
1467991537
981847644
1574385278
8654260302
1159594825
996244270
2590655389
1189071453
1317315568
3519062018
1460230180
2216364957
5817689065
993158631
1596849391
1253977736
3010851008
1551959563
1192616104
1027400393
993617493
2949868053
919000906
4019210741
986598189
2543128214
1360907890
3651929266
1818804782
1656159252
1428488880
2783928923
1776671179
996543297
1272290657
1237711694
962366842
20997984519
3034913270
924254110
1198879273
977729873
994742804
1925123368
1023957312
1865967929
1403529838
1880472580
1373253926
1063166658
1025807369
9319531199
984173179
7299778582
15311352913
975662614
5077913390
1291863261
3736809022
4048494928
2778237349
997561925
5939817139
1224042788
1562213919
999678553
995449319
1674269860
981080888
9829353864
959365403
1708561085
2643224925
1047858644
6909015336
5141684146
1123835591
1556170861
998830881
4976481605
3218531611
2121876310
990727244
2608065522
996445299
3320394584
1981309377
854656184
10188814952
992995911
974266387
7607729960
936881455
4895227277
980532784
3522630051
1193779742
2160801845
2542218606
957255462
1901079716
1965266618
2214987884
998862663
18505526694
914265666
933834648
886400561
993115695
1139421822
1265280970
7033401524
1614673959
1310023652
8175362850
1256392831
2258591716
2665124750
1938705231
2005244163
991187591
979142778
1569630909
3825365959
2107348280
1933509419
12645191088
1235470108
1079703821
1487930821
959674513
998734354
1673183615
2082524232
1018963748
4529815987
1053622206
982968334
1053686861
6736573977
997969281
1645823178
2199519305
1804536749
1432057907
1299347978
997233277
6050246432
1028232889
1397588970
2158233817
1584654191
1509184614
14573498150
1257698238
1740027254
945371041
1520662695
1383080474
3354673376
966338746
997665876
1687369906
984178944
995505655
1223443214
949879706
3255676395
986441435
2143821084
32770056200
978627707
2648863421
1408894784
994392237
989057874
2110800119
975914100
1766209719
1119804073
996868956
2070259480
979596930
2084199981
957959270
1093855611
1419925442
2674655902
3343668896
1051997986
997754885
993917187
1773686451
999522041
960156564
972235483
994630246
1868712145
25229301075
995668447
3147125358
979265880
1004072167
1467424185
1257004104
1437234109
918999792
2141894364
4258543906
995364180
8703369234
998321727
1298485814
998936288
2239817126
2498689313
996543169
988533849
933542352
999110123
997426320
2757707046
20577941930
1566038780
1209234666
1093661307
982828541
1737257178
1752749603
1212586357
972557183
2474928683
2141449636
3034255916
962978932
996346099
3510057975
30078398695
2383990649
996448374
1475347064
993904726
1753820548
1210267263
9153627391
2777302844
27293809936
1339461501
2182587087
945355651
5025219307
997157693
1793481523
1101974906
999824214
984693941
1423789718
996401375
1583118727
1247957119
1853031210
2370499065
1352189971
1595590837
989392893
1888148759
945022467
2000799239
5092617314
3285258213
993360022
1894364742
1356026976
9382112555
2050986427
967660663
1831902643
983974813
967325591
999703046
7300983595
986922025
2770560978
1235089424
2975580179
1228506681
997785492
1516367113
1520609440
1901863169
1453070963
948964550
4674670249
21653225168
4782772933
2454648050
999791932
951005904
974331654
953545573
1112048167
12720582185
1105742979
1339585736
1725854575
1956635450
996605006
889682713
981533763
3344410265
1852840200
1949768633
966804400
1623786735
971047856
1054698091
998922531
2136720064
912159014
981432451
1249317045
1800537273
3541484009
986214060
13832826875
942146037
985585472
989094559
920572698
977179923
983989087
994411924
1293274395
1404149764
1547845574
1563295938
938752694
5121790277
2324054596
989135941
3017875595
977588240
991057865
936702881
1147827074
1088474853
2477116220
991724384
997375063
1440247720
2223039030
993322239
2102298105
1812915229
2595256005
991345144
986375817
2124380595
1541004202
898396529
2726065831
6187867711
3235202641
989581590
1985623678
1047196934
966022171
983426355
3115047255
1943042233
4489297154
1419222368
10704153369
1505906248
5563872167
1115429486
10769659614
2456400767
970091322
989814142
965867357
989641641
863938025
1140491418
984134009
879671478
1406197515
980886447
1424531251
6619172899
990331013
1208594492
1290403427
955496294
961526374
2491630933
1767185934
1498329617
997170999
1625667506
984152436
1635778247
1176349396
998715660
992223441
1958851528
989843340
1621094918
3465730689
1973559556
1536358751
974976044
1249473766
1922000683
1026467211
2264291855
4632644748
1210192311
23811146354
1063650036
993455925
993100256
987967445
1422067048
19394617672
999515211
1080528935
996614133
973860610
1166563304
971951174
994570425
2997929813
2750528635
1575658598
2258540027
964466518
4502356782
15724271314
1184392267
1051384904
978558950
913651824
1446213892
1941736720
1646094699
5977796801
1167789133
4842500679
1280768974
2968346178
989018136
1230981928
3319922866
1956171524
1444130863
986890709
2193889297
3808712102
991114878
1519954509
1949099309
1234109320
2497553791
951344560
967779570
1821824334
1173749614
980307830
3469297115
998515545
999901729
9203341367
2573630473
1911528005
2456872629
2422596550
1722199125
1163627043
998021690
2375063291
994298021
1491120700
4623429596
1654149014
2017190779
8152911123
1375524219
983521593
955666294
989112825
5904902190
998844620
1372594171
987469421
991359758
999217905
15556692863
1314830740
1211704793
6626405237
1685007074
1210993616
1246341238
1836613429
984085273
986413379
2540075912
1193440053
2956457598
986833003
977537512
6715010206
998745667
3516215211
2129149069
7922607740
3188417380
1380649817
995535808
1671946238
3081392349
1429795731
1350954363
1155752328
989894405
1793827467
989868126
1591359039
967482717
1980418454
7442431943
1633284067
1599863170
978129689
1058450248
976151562
973849390
2974009046
1248103846
13085464779
1419725550
995874529
2356940636
861922222
2404230944
994926386
1411463827
1630441914
968941112
928464663
3017221602
982926894
1608108839
998925001
3193038567
974808808
997600703
5419600856
4209398438
26517481448
990834529
1642466347
998916122
1670181506
999438344
4605380167
2431476409
9535395740
998940069
4160803486
2173100164
2133341824
3688044639
999533134
1879377654
954821522
986682957
995460053
25571585700
984678015
21148053032
985685255
967356655
1182428868
3408603057
1161759598
966004694
1644576912
1908590803
996000841
2603274430
917102301
1187453326
946639144
989762678
990712768
980755710
8503718728
1834031597
2133769233
1801817936
963537555
993051908
2296101465
1681598258
993294418
983331067
1388694497
1473534725
1189591431
945033135
1129539958
1772893366
1503634992
1443847684
1379495700
8924749187
22336116048
2147534414
1476642507
980077148
1584760088
910783992
6092615334
994942951
940478569
1608159548
1748526130
988589855
776906837
2013922693
1215977615
1268475265
11342241542
971109699
1367068138
961750579
846406350
961480830
1388346690
1508117066
1845135392
899518991
1229307476
1055465752
932833271
4097553046
7118924706
998380489
987221897
988400839
1925537958
1198146667
899213136
1104227730
1548519774
1313311920
2145853339
1028675343
2103831614
2331511234
2526786174
998695272
1921186606
1799752689
1397991713
3557520421
924093979
4677740301
1968444708
1776721833
1035381885
997425297
8368838567
998543966
1799091152
917918742
6970498781
1142379222
1129314727
5947543648
2719602850
1461314176
997449609
987586840
1337768133
993198662
5717745909
1554200873
1091748851
3177869946
1000577045
1892026753
995981581
994485219
992096588
4504119765
944899036
1509492918
991447497
1667735395
4899598830
1773551568
16551462411
1103467881
997906279
1369273796
1114621539
2382748609
2206821054
980459694
972864729
4032692716
1304482617
1478979947
1236064451
1584569228
1252002253
1154498339
997522389
982118013
1737256741
981754351
1142893713
1732275133
1204533403
975970569
1044083425
998433701
994093438
978684926
960378510
1305396381
1055548611
1080876148
1142593537
951028045
947720520
1435457925
6504882552
2338681905
924721028
1259534597
966185781
1681380958
2230620242
3904749763
7857033934
1203335188
966565342
947198162
3873539978
1428263436
8619049244
1988319449
1046844304
9210725320
2338435604
1717858547
1358203691
1430132524
915507294
6302354553
2985712659
1160539901
990786997
917716980
996317031
975023823
992488924
1058069432
982473465
2784272620
4634589169
2907829756
4654928948
990946102
2977420839
2295552256
998880509
1245951049
4242178373
967897941
982323844
5641919045
1693529318
909094668
1245300855
1385021592
991106133
944116755
2650038582
2530784340
11570522972
2948380270
3795928880
1664491176
4180483303
886807771
1076214704
1479840932
976484931
997062066
5829192045
1282977456
978239821
976101694
1394287638
951718376
11395830009
1414107748
998309392
15747020642
1688150546
987153207
1785376833
989431594
14651085353
1943122255
1553040690
1279605195
988147516
1391545910
1000725956
948916849
2964237784
1564829924
971949578
13420852186
1468193552
942358283
10300942149
1323799793
992276791
950409089
2887891145
982470891
979019306
1713432802
1211114201
997473195
2736884381
996512886
1033585012
734158920
4468825193
1002124606
3280313375
1987095991
1786498672
995964963
1099136390
2481308432
1102735514
4450796243
2488919369
988135541
1312849263
989853323
1437165330
885760299
985861628
3125637011
1349406898
1351994279
998228738
997635767
1972304655
1665929515
991489749
998118977
4009681004
976817165
985827927
982572704
992582064
983661702
1682066818
1473412193
1647446152
1584679677
2952081050
2125054555
1113170258
994456932
1143642559
1202834578
1167193662
3094924136
1087613606
8430481158
885088925
1717092622
2113570507
3794439153
2052763799
981816378
993019971
1053544868
999258165
989434792
1265699748
876605262
1449002470
995718437
1642479097
1479568541
2769109745
1279929150
1260933195
2252269172
987638944
10552633854
4407709508
1369707463
4914283779
991048034
982802953
1347860653
1471943651
1080059066
997567724
1314488169
990855359
998128228
945514058
2041231251
1048165449
1792712046
3400943712
953625656
1276653688
7687201101
983444447
998550528
988074176
990299860
6509529624
965007195
998366903
1197175661
1828456874
1664508179
964562805
2385335631
983696999
1927969895
1177007863
2519036444
1173172103
997887135
1393629638
6629814704
3226990824
16077781666
1659523989
2619689533
973454534
2086200836
1298056058
1206554520
2274288810
998938524
950556660
973974970
4502501983
996593098
1332350706
1545014074
1360614432
1114374247
2245443555
13508935958
2240401946
11813146152
1912289652
998495782
1258460152
981816668
1548657478
3027742790
1189099939
8728903433
1191040107
4098684555
4526061389
1092734124
1070176204
2295833551
1086632438
999588754
905922465
2872915121
1740009454
985992271
987260684
987453047
2925665101
3129930126
11830873175
1581559947
950764849
1490858831
2638313170
973513558
1177073583
21315860819
3189937410
989595156
998176749
1714667171
2500437107
1486300891
1338319350
4071750772
1352046006
2326772554
919155103
4783516430
992338040
1381941342
1811124901
896659650
15546705726
3389325312
1365217156
1443418086
5557351616
1815149798
972726543
981590134
1959008274
960631746
21604290314
16899937576
999192560
1457463165
1514132141
1001637740
956020365
2229891878
1928443578
1421713941
1787276127
6059465595
995647098
4475355210
1917248286
1336290905
2222269190
963180621
25966740349
5670114932
1197788119
986769150
1656366902
1032976115
1380765968
958878151
1294499655
999666418
3612079184
987680327
1178814853
992135079
1411468299
2700071669
977726632
1340280427
2591103477
2325121580
1803979306
957250361
1238389131
991200878
1235644164
1150479477
995608575
5242134278
1370321930
1075022879
4365671030
10263182686
5577579972
994364559
2853198628
2458688717
11183606428
1179134691
997535839
5193755670
1769899049
985953809
954848130
14960627736
1010462567
1416320897
1055157931
1131151598
995099410
996742700
1577514029
8994737527
1448144337
1102493927
1698736838
995827698
1278952582
2120113393
2037404466
13471354746
1308007821
985847924
2504341005
1208409732
985631992
996323656
3166904196
1415146777
998243652
991629069
982429959
992239639
1482721683
1726352067
982487957
1719659955
986658982
1166225379
1428177281
1304884866
994917707
950996606
1642180731
4148069451
1016329021
998421221
7413406557
1856145786
7875775337
1542557813
1552878771
997016447
979428342
873755591
6567584139
1753738845
1773220636
994091373
1647093765
1705304540
1266008364
901902865
1773479094
2279964313
962136484
1758380467
1116233613
3150111573
999645748
2404570888
980339027
1748150231
2903658017
4070146950
1107964337
990252003
1474805128
12635536219
976558843
997162498
941015152
2281098372
1260542434
1254315385
1468024799
1759980581
3400031893
1317460978
7598057880
6398989928
998296008
1772943284
1586286942
981687040
4678428096
1197316173
1104641257
1409769831
1923904697
1738872287
1414259439
1130196185
994093358
2872258856
959646234
994028649
6124516908
1646759482
1247831104
7320482540
5757968407
981187147
2040926434
1533477657
971243145
7792828182
1315495970
999549131
954846405
1181985475
1908583188
1011568603
999981719
22654830004
984992934
927264776
987249292
1272890388
973057490
5322961345
2793333599
997050785
984930003
1473171537
2845998922
1368145376
1906667012
999300071
1273280931
990228264
1794558175
1485444968
1461534830
3716280000
959466966
1718020852
2530694846
885254055
995006069
975150700
1403371588
1887435655
995057125
978657426
3318824421
994447268
1432903728
1773848438
980819131
9900562548
2804907284
992358732
4336018159
2230164634
1006355914
998124099
1795820262
996158586
7642420836
998333707
990952098
994554570
978942521
2040333485
964061088
1011725137
1216382974
1449963327
3766925423
984937447
1921440125
981113845
983637713
1779751010
2595353018
1604556142
3249711771
983564176
4038792566
3474165162
2658212791
993635523
1575683788
1500989737
2354133534
1616726042
11084564916
1980989723
1383342340
1267472286
960135094
1819717649
960290382
5291851760
1852790709
1952454645
1133698956
1095986439
997132628
3497775726
5239675277
892629428
1716111090
994691935
995959120
4745621321
1404352323
1277576903
996946815
1097885499
4515878825
1338533683
1843350798
1734948661
1081568415
986956208
16137302546
4623327118
956536488
2162183362
990621924
1355692344
999455682
945452388
1667807076
975292919
872236914
1050270826
929116572
1209475876
1174422765
2661111349
1454594815
1145940416
1365138847
1149058917
1715403432
1926884174
1453882028
1706538571
1332108534
1609721351
953065020
1493753328
2667704910
973177391
2864229234
998737308
993101711
983665596
940161216
991324552
1182982238
2439406928
3085044664
1210037867
2896760029
983382244
4774713823
1332550496
3645277463
999759062
924244649
1718561058
996906902
11277237762
992060254
997869500
8161585056
1529993741
1269332957
1554787810
2299674214
2908660590
2815108420
998114835
999861814
961596291
5193289498
3656829459
1418522962
999179947
1776457370
2134235649
2150424667
4108484551
4711737786
1325516001
950376517
15582182897
981837626
983632367
1090044220
1498052493
976054965
10687098167
1386345929
8066063260
8435883381
985365365
3330987024
1160839036
1078373955
990954317
951576311
991370187
1079549698
1935281724
998979983
995024609
938367823
2111131475
1876743556
1401822188
1306948097
999946724
2901103304
993799740
1360676890
1382001515
1353825583
998386900
2374515147
1339889406
983311599
4067828899
1602393109
1993076322
1472774474
1652407344
3803380931
996586768
979269906
1763303993
988021850
1627117336
8516718162
1475997831
1223105268
43691988709
982376749
2206508715
990255059
1747391465
1545451070
1769447260
2741336755
997923993
999567832
9567622316
1904469936
956108438
1221577150
994302207
4317428170
981595042
2239670252
886055028
3430492468
22325134983
2225355757
1075694897
984364196
2034541928
3319822131
1493600656
998392221
1743051837
946652975
12261214088
1200570797
1160832603
999339241
1382638699
1989787582
1269484244
4634413923
992768290
950595276
1588888699
974449594
1309971781
1791354912
961322534
1135837725
1198639834
1086478229
997039071
1642239999
996478329
1142548415
5545066522
12681974639
979294927
27764054825
2445094297
2135265119
1012095974
970941360
1353664856
1346754828
1034781308
2507252204
3835379650
983977623
2600312216
2580444015
5059292394
2699324082
1971700258
1608917784
1411470541
3923377375
965580647
3243624519
1294564556
1102512115
1944151905
999515772
1314022157
1103587135
2715286349
968242784
993437619
1696266409
1281722481
988493416
1553218654
1538476943
1345905204
994629218
1140248959
4742222645
999906171
1105134461
1195120269
1653333055
1734724684
959545043
3107649010
965385294
2690966520
1328807901
4364465854
899282928
1322913747
974006081
2149283896
1243000566
5318535227
25426232650
820448340
984116267
1665835113
3501941071
2144552859
19223711073
995035892
1932225510
1027419424
2044947069
1638786806
974265099
957095973
965689018
1717320843
1079330501
1077311068
1895884266
1086939065
927453725
1747701049
978850780
3024556977
1277688398
2442091973
1574180591
1287500350
997973462
1160700509
32926271616
1253528902
1928157665
1320007475
7165290766
3933186484
989724830
1753043687
968146724
1589897635
1293717287
919540281
1758304531
986466966
6757739497
1104685735
1493628215
1048232312
8540113867
995849668
997406805
999269155
1311800106
994775312
2367566446
7881085756
3197194935
1579834598
4450363138
1255454680
4485302788
998586536
2602796523
4938814714
1707240432
2726227512
976852617
978002787
1889509555
2227614964
1234626689
3355394858
2435982447
1047541946
3603335026
1250059933
1158795532
12503270008
2484136065
2119819243
1393179074
2444133511
3943661407
3206829791
2389576952
997438171
3780777936
1150975807
2154887857
6911220098
991617449
971538130
3080573267
1992913955
858366472
946627567
989215193
3082751684
991499155
985225645
995688065
1643531705
995904171
935812796
5703454604
1774331457
3044745046
986594677
1653479618
992214484
1679689595
2541864503
970854218
1463176875
2520513423
1811683496
997202079
968512867
953506519
1285748052
1509671210
4937904538
29925461686
1941957226
1314314812
917786715
1457315855
4988708140
4933748126
1057944548
983445936
1289187107
1967772972
991163667
2351969033
995461052
977198399
1565797033
11555917003
1153610671
993705887
890486916
1078931115
1517055968
1287212177
4209871375
998509659
964465113
992439523
1638924738
958059729
998384609
1205680775
982567392
940726791
994884903
1420964451
997174369
2552854045
973727486
999736883
1015234210
872505707
3586243998
983202547
55429518031
1938798191
1578901347
993534105
1582408955
1114568861
5262647501
967265864
950974571
1338808707
14419382847
981605285
1209188459
950447320
1125774077
998482902
998400736
1207492391
2205077515
978113057
3817585699
984190623
990434345
1096548135
994975947
3072037136
6858549799
2483872448
1430653539
1459621628
2684243901
2815810046
1371966152
1729167965
2245397991
1036261962
1321980043
1238578584
993173766
977983397
990910609
2792154895
995307251
2753562019
1174680660
2804151680
969559111
12088706386
971323875
989924436
994090613
3536227045
1619881372
1894791210
994190942
23449475951
1586916084
1407549034
3360545931
950055295
956766951
2504079942
1122527011
2736082599
1065148172
1278371466
3143801645
987242005
23712324151
972755088
958322631
958711332
3713729435
2115098253
3547286056
996064014
1209593323
1824286512
2036819737
979885037
1052643577
1743155089
1721967478
2674459693
995755060
994506359
2065171500
976120906
2246931297
1026153166
1006106590
1054732417
991371410
3612451815
2055157852
5238860684
919607594
9108126033
976466079
6601155432
1180597972
1223316319
999373710
1931845494
1103899391
998612820
1299427617
1389593229
2025896334
1497957184
1103827129
1101465419
1230338165
936464271
2945967347
2371959418
1055487536
991233588
979688757
1970751170
1282734285
995618913
1475316034
1065795012
4350870403
1450203558
991973386
1798706501
992629436
2302162185
926530503
23725290819
798488438
1039982107
1900980760
988805191
2403286667
23967870455
1647023335
996211305
1311639026
1367930699
934126719
1287048152
997755014
1667796166
2252389849
7254252193
976446273
802042050
1072021924
973556761
1957200298
1285674097
16922452605
1491364893
1017985625
2196580647
1576559147
991135568
996089084
993769559
992656484
20950250375
2732351607
1206601221
998719431
956045402
1402304283
805964127
985253777
1211544397
1253299776
2770009192
5411851132
3705225002
1513744972
1049471571
951393341
999805344
9080344685
1198921782
2933505012
970235328
996420736
964345462
5233053403
1330704670
1107017247
3962718153
996033813
961254211
1236829492
4891992091
1267739544
1973612614
1478164564
5884099928
1592007347
1276083043
2413415033
5116514529
1267791097
5092606236
6845758353
1563858315
1734861892
4747848059
2146671018
995983780
1561994613
3976554782
997501892
1321540636
959823363
994131739
1184755790
988014955
1426975542
986803129
1817627345
2333206743
888353521
1380049936
1854399698
1614524003
997317855
2573436900
928941738
981382457
1155456679
920626835
1542420292
965096739
1841691938
1528991141
10324600155
1614206051
972613530
1109586537
2966395973
1840256232
2500166806
12372141344
1701291374
1215083655
1604602493
41051602241
3801296887
961363619
1517258868
996793786
998743150
986772480
989853459
1707247950
967338259
998814066
1423707712
8427428404
991328302
1495195041
5319137106
1268301460
3122655686
2315872241
984400239
1765972814
6270945044
991966552
993481550
1742722145
2740883609
997346550
1646587575
1187576377
911079900
1283000249
2443955278
1688503927
2967192569
5967596161
1676557334
959389457
1786066696
2134806624
3571046404
1580617533
10183316793
1072615994
990353129
1634510249
1031318492
991621743
2084046753
1422901902
1042932578
994586106
959319416
1731136010
994378824
1711264935
997320953
995434813
991771463
1302174898
1037304143
1130172626
3991526468
995719542
1730271348
984246738
964136605
992673857
7323138731
1042522518
1266688544
2611592597
1275079554
1050937544
2023278952
2541069771
1699140000
982852873
991450552
1474023135
1002940871
1255178303
1004809273
989089727
5164525997
2028659123
1448330382
895957031
977666534
1921133111
25239181376
7113149572
1664877950
972160463
4682588945
1523027679
1115782170
1748804154
1200672907
1456355869
1062935162
8487419809
1841991076
1833507149
1495484495
987015274
993458492
2995825726
1382486243
994284772
998465069
1706621783
997854972
998822373
988146437
1503065380
1378836796
1904082276
1253200773
1258708552
6397369937
916776902
1222224081
977777379
954911318
999956512
998946354
3588185574
997973769
2832020494
1597671924
1285725631
9002787958
4868500042
1575209135
970500713
984637010
1128431163
1210455886
995025962
1332199903
919110400
998182779
2445398626
2064014052
973706125
1142339510
962023260
834760400
1925058550
2730273198
995835993
1893541661
1381104550
1185725649
2468799851
1813695866
29292516628
1468714810
2541113955
1388850206
1168831978
11425485548
2539996658
2199371406
1195005620
1739677013
990163890
996949987
952918851
979840112
2253387052
12049215657
10727375876
8614424542
1117641363
994945981
2154883685
10513639637
995362599
1353579895
35669323481
997134139
1217019007
1102626091
996495822
1523530467
985627905
1773241999
2079446080
994695744
24144235763
998846182
4092811928
961702334
1950398234
3952659702
979953850
5544898828
1394934952
10804412382
930034643
1416102233
1423993748
1582448815
1757406158
972481981
997966699
998331594
999446692
1239335797
984271219
9670881074
995013250
984223294
995993630
3209853404
12779508114
998052161
4301469753
1066711983
2366599607
1937101610
4521353570
2197197928
876491683
1617498405
7252807929
2036600583
2240123787
1736368687
3039765237
2614471123
1830979128
5066618991
927031468
2955367108
996617535
2258067100
5871484760
5243258297
1589474653
2111832621
12011072762
944364946
2585136838
945984486
2111544125
963366301
1251993342
2051658708
993834583
1645964938
954103732
1925822405
974974263
1082993138
1537391290
1853910532
1473501785
6691421092
993077322
990846643
994429656
3247087413
4060257519
1211578706
2685430733
985323059
1427518270
5097518520
1139351802
1962636788
2908834582
1146360617
6593621171
1082998318
1918566974
22003941890
974766189
1045822065
1337934994
1052926446
1206956389
987312904
987804715
943189403
3366719350
991683672
985238776
2331857550
1352698844
3559539780
993347021
990628600
970074513
1203890512
2061565234
2687703586
1715029164
998237780
23883239467
1757098189
1825666074
1469485571
2701923113
973715746
1252240550
2474201152
998822813
1618650577
3382216046
979722398
997992236
1574542207
1461042761
1224816579
994137121
1686649471
670419960
988875259
977574331
1766941205
912792673
853320637
1083610251
993542887
1199792351
1570807794
2061827915
1015793141
41989162252
1636368435
989193791
908815118
1415790751
3636559348
1082406093
1456483429
1685045421
1442701258
997434856
975627306
1131277191
1194672319
1122739975
979277917
2718818142
2702026869
1297940653
989819491
1261504703
1549090411
905004250
1121477351
987863211
1826809399
2539078035
831071595
985187031
935181093
995130969
2537933620
4800768011
986265559
1717218775
1115571501
1316942931
983948338
1683430136
996787857
996179620
995693215
959682975
1985491133
7847343158
1918246105
991260152
995731543
996838117
996615401
978608500
5967807693
2200311253
1036332663
2113828969
1316478718
995219584
949008341
1299068788
1584920031
946598418
5724571639
991639528
970592274
1211486298
2016198725
972708651
996032440
1400727316
6675215796
962117942
1105725131
4008752913
992090504
5802878531
1891111925
2932369121
995180523
970224644
992175217
1550887649
999332948
995997599
999125793
1266417543
1392700591
996410248
3078317598
971438551
9560361173
1971615518
973614639
1268237271
4405102451
2670954441
1680492983
983146264
990656271
976619509
1961158196
1376053711
16597850694
948284676
989033948
971675289
900332057
1194566157
3525689152
1867685278
21871010751
2659561874
2194528932
988371968
1326729636
2740815700
1872954242
3991410288
993862741
7108988834
2645965184
1320116276
2771579333
6589202827
1353650712
976036501
1598596729
3704460580
1141283869
1447416726
988543320
4462339534
1275421725
4773943387
4218440894
1270062565
999720142
997592430
998280549
2547608964
1660745887
965995169
4815724732
1985260532
1611541812
1476435690
2064907948
978588883
1224350332
9252542810
1351659983
3880682090
5432990667
3706242508
999617577
2745985562
972642984
4044515071
2155110716
992140455
1742871308
1094080022
2466096215
871792095
1288999272
969718568
5287084014
1796240205
995549167
986765237
3687977506
937860424
4264533881
993671190
1781261858
999991532
1386008346
1528001565
976518180
1834841345
4927397195
1876852694
992083960
1475528593
950588471
3794169286
1979640885
1954972469
969168332
2415705785
1007580097
998540163
1493184467
2998566492
3352108508
1524414203
2745535998
2072985893
1075289311
1807069802
2419628420
1290245701
1596433665
2125896888
8001139983
1727425137
984249845
1015048217
990074838
992372695
12521117923
988454184
988400119
1207966372
5128264440
1221766655
3992931709
989523935
980641142
1379045149
31335683988
999652656
923424194
997010101
1342766405
1060376674
981230845
1317010629
2705353586
988378791
4671500530
988999493
992039378
949781422
930727980
969974675
1668182731
1530724214
985500210
3912764984
1140148334
3693178095
997651556
1891365135
990983022
1874273114
981232204
1138712061
1573813901
2822709397
987258280
999342269
1045065755
865758859
996839389
2436369930
1341841310
2228507220
2039752606
4626750840
1264639536
989813235
2093443947
1038617899
1362297415
1998309549
1051661767
2916789894
1068959145
2479111361
3023113870
7813067495
994161102
1256633619
998301402
2001556827
4161744203
1953885606
2265952651
948791068
5385934791
2837409391
982037449
1476654284
2847012660
1082325618
1915145914
1536620860
2028719236
3059081628
3735437107
993746670
1852314338
1659459912
1423345869
2496695198
1733796979
1260675923
994926362
4924221483
985964253
895507254
971240716
980974772
989841320
2069519295
3094052884
1170011956
2548750134
26013174485
996643202
1574890435
2210989833
2677386808
1136501069
995482802
942711094
917264172
12503713565
3676771227
989391315
1436394863
985499536
1362574293
1200114134
982025687
1874086137
5302534752
984484612
909656461
3305523654
997089844
862520937
988181692
2978334126
973702410
20773381761
954096736
1311989803
1466523058
5458156640
986713241
1803256039
1720191343
962525712
2749796374
2397265945
1658459855
11231118198
999269594
2992595181
985721299
1767942325
1549172156
971154967
1087347392
1756981583
1232834159
1423300208
5237874413
2466290360
964521894
3859549508
2754818553
1455043156
1580443175
868155100
975897956
2181561250
1181577894
3410764196
1543963269
6235703931
5927016583
988462794
958863813
1107388575
960359579
4279971195
3371195863
1373147625
1829663813
986485685
1096158684
1856955596
984014864
976768610
988459334
995846281
991900117
995522704
1253760109
4562653207
1728268104
1216003452
5460039786
1131932337
1782635031
997048945
1717011727
981716118
989560957
9663772276
2876079023
1052232657
995160269
922059716
5045071458
1748361710
2341607166
999533301
2709175764
1336340363
974304986
1745368845
2365695516
1892659347
2438419504
20098697834
1856034670
1227158313
1103878387
1292022310
4582442389
1448407079
1273651453
4293194513
987291552
1229440564
1395729893
1325269145
3111682390
8920680447
5527492576
2249725940
985336372
981155988
985893526
1144145315
1818151464
2773344008
2648005469
1072981402
2730368835
1035232604
974503527
3851537696
2021564826
3012830800
1238676475
955690614
1648691538
1303290515
966075152
981120710
953981032
997832466
1266842572
1512325703
991696046
4074275515
1195484394
1048769783
1258222615
1888566543
1550123684
1128005004
952620985
895710035
978148342
1637450165
1004032484
1051555439
1203586451
989332496
1667564585
1150448412
1558657943
1066034249
1462618122
3630141918
1855582700
11155193145
18309442907
1778136106
1368469244
965322614
5904330275
1507235817
2521283522
2052296418
979293759
1203225605
963543658
9301608315
975971910
23103944567
2318522579
996123555
999936836
1656633039
1799276972
9619339912
997848281
4900694662
991286180
5727943581
988779581
1749190465
8837729516
1714607977
3600058596
1694482904
2068113914
5648992573
10987030852
991516109
990767425
962687291
1063819246
1084940474
1270046775
1313703645
983122321
1095831135
928509293
3238642411
1364878702
968836546
3277407984
1172637198
1142848421
1133310702
997362774
1455993713
1043563523
989507639
992847966
990306586
1496883801
7673170992
1045841714
1258158052
996703988
2028187989
1700912451
969369982
3985237189
1339098600
4927884384
973296491
24979528591
987069918
1172705574
1520447998
1175138183
993124379
988182705
1537510678
998939372
1789274504
1033278404
998235367
1278185665
2431069450
982775985
1135407623
937797307
942974207
974077618
8462910620
998928891
1808503234
1072791505
1277803258
990096534
5972229984
987336043
1078446303
989043345
984201146
972121248
992244697
995083109
3919450887
832386464
999785806
1662940727
5315629088
1051024730
983306720
1269722178
963536975
1059092830
953101070
966969133
1105142878
958190802
983830410
1243979584
3737569701
1488298522
1203949145
999982645
8947732226
7226978841
4023587357
971844849
995433823
985999972
6120669657
3042241310
10316684591
1639255144
980074252
834804133
949162583
995456205
1714863662
7434487204
1537633872
1058113557
2334115536
947671883
985459805
1289121978
1167329529
1047064217
996808840
987022785
1021869305
993481480
1188539562
5429882926
992651641
1350291191
2328406048
1365941825
1380786832
984298029
1203965434
1158944460
4133778265
1684138720
986619162
4637709582
981040850
970120742
989726199
1720870071
3898813574
999264912
1354408959
4622722954
1636991929
29734190432
967202018
966178498
2527402778
989298383
2086294470
996249516
984285608
988408602
2496610975
1293088545
957350985
2745312841
968348791
1377879830
1031132556
931459702
989192307
1489292195
2650928363
999099722
3645556495
987602171
1021481257
3158520852
1779864538
1062154792
1084685365
984403802
6659412919
2070627752
991190265
987218497
1121409354
929693672
1983947030
4753805276
965894317
953616110
5074821140
903545510
1952948494
2607481828
1826297921
10391200173
1903633639
1481853681
981028188
2414835327
1831051905
2760594416
1559505572
990705561
4935502754
1668428099
1555289921
1174006907
972147306
993459511
987682108
2674067993
1129402319
1924959993
4993806878
1759421658
994865508
1133607354
986839566
994486187
1085530766
961629171
948653914
2088174960
1578738744
1710226053
1573444655
6635144869
991570759
1099955711
1202983373
1661776258
1640123073
990875773
944239250
47339656179
13269800262
968264204
1050144420
1625657395
988220574
773918838
992489500
1071879307
1344034784
3943229150
2136385508
987815597
2190996662
1218647367
1486595202
2398250293
982613845
918998225
991406151
2135187421
1097605215
4039541694
5187129860
2100865858
2931370902
995887850
4261757411
994553307
1800639072
934843428
1791448969
1105480837
986813418
985484033
1286826671
1686613304
10842969994
10235448880
1116564668
1239414230
991783023
999098873
1163182564
1710769671
2781325301
1448963592
1024697219
10375437184
992152835
992512664
992921300
1315757772
1007608927
978708501
951566316
3641806841
993521934
2787316885
910922174
2527314038
3798931240
20799851066
960801799
978600276
1341156986
1202749940
1131918111
2098731058
14264173827
991370588
8305813373
1208624696
1361022866
4259284662
990858456
1276467312
3545125520
1334051771
1213919756
4105225819
1918697231
1920018725
1098931140
979872992
1126083057
3770646489
3949058742
10697900767
5037885080
5711471947
5755927964
1662673687
2526619846
933815468
995469615
1550690664
973713189
2014445076
1312688756
1212282460
972150180
4010812361
1006754260
2342734494
2076025867
5259212095
983311414
991010515
969417943
22272371816
974750113
4201217492
1695045160
981337072
984196834
11706446926
7123844344
1595957043
1510291889
948905199
963745739
1470276209
2415652148
3044115484
937400943
2339278640
992532692
1791523516
987956103
1537458066
1159233671
996359324
7947481229
966592870
2062496368
963588611
992025912
996642954
3664650787
983927905
2125071670
994235299
1292403639
995849226
1756107531
2841062519
2681776345
972009227
1453406642
1582897638
993917855
988925882
2096407987
991107910
6360531095
1021141590
2616474998
1969432345
1385500378
1213147766
5815703569
1168373718
959437267
5348713475
970703940
962088669
993545518
1407013180
973767711
934209446
993077541
2481500604
972377259
2614284887
968198466
787261066
1545875162
1456044278
2101056154
1559549664
1026365132
3935904998
950494610
976777439
986190372
1021224502
1540550910
2577574250
2341740023
990614009
971871838
3368043782
2307244997
998637350
940188703
3210445612
1164603127
2588825832
9048445354
1214800601
996084595
3247946233
927227752
993583059
994747650
1087396138
986586254
5571909103
2721120423
865115384
1590750544
994574418
1770833441
992746818
1982314332
18305933818
994059998
1071563135
994606762
1347637171
982469041
1900008653
2512089434
985890172
981903085
4018133463
5352487677
1308039721
3740807755
1618225608
24044410636
2395866860
936334669
992754134
978071056
998159630
984718754
7035334984
1001736747
1296035185
891812928
971177225
1197828498
944519183
965060575
1699430938
976988276
5533835613
1468120659
1014920683
1102242613
995307042
1774246041
1396001222
1517788433
1267701046
2042880499
6229738996
4105907630
2110602303
1542646470
968869872
946740988
998649901
999051855
1672606187
7993571363
3028867276
971183361
994990419
4849771355
988558833
1699855940
990602462
2152992869
1772399110
6017178322
994544732
999843129
985227260
1023651112
1205727702
900434392
2230645095
996492609
1796224698
1179842839
2036761597
990817487
11028857489
6136718112
22813265083
14484595407
3125829051
988296840
2847507857
1321219668
1177377513
4704811951
3858488318
3238426246
997663037
1236581086
958799347
912336800
983587018
1487122305
1138036290
1744853173
1324247152
1292916338
983691398
1089821604
8148874553
999088614
3040896963
1325823205
1244608137
977510817
993117441
997764906
971974149
1552445687
990654618
2073812090
5964469025
981074718
3635741594
1416334228
1305086486
995432586
1874834301
950104040
999465019
2379440467
983792438
1117430898
12662254568
988524512
994252199
1094756129
1036215783
2156320539
989881400
2784283382
14000917417
1602350118
2127894277
999716098
993313448
3821261527
1220214346
984133503
1515672535
987320475
986060311
1067051256
980234620
1172176455
1111760367
1519940637
1031372756
1000829919
1079611214
995531419
953758721
2497448353
3111878475
985004066
1835543433
2234308293
3384474318
960039712
2713264020
995538020
1388082900
977681406
1222451555
1745770997
1889509954
2551755133
4413519154
4753682488
998400595
2564320952
9940256358
1488277268
1457764083
3029684056
987137908
25321022319
989544973
6723041409
981855823
2321413688
1052750606
986289237
2167732637
7710538218
938711803
1046212402
1058541183
941082377
943127191
993664829
2249522412
4886076130
985410137
21707112896
1337650453
979850658
994898217
1852634784
953843465
1385913328
3540133070
1958159799
992235263
3464300642
986480518
989910411
1949078467
1935979269
1084856232
4505581269
1749359977
1235138595
1467898150
995534899
3349354936
1177872914
988888789
979867386
2490017555
1318968706
986633529
1163848608
947948624
993775261
1227530239
1787693708
980776595
1917884279
1227285903
1861070923
1740710769
1095539584
1717884295
6091880552
995326191
10728382936
1202723968
1091608274
1867941939
2799359677
1236694524
3713229232
5096187901
1206992443
1461767843
19037285291
1276033436
3801877443
996519700
987079587
1958102525
987705520
1380898541
977954145
1345035380
1582596300
1918752528
960873116
980405718
3503773014
2476075990
1285038505
967954708
1428225588
5259295812
999483586
3652832122
969526621
1933376316
1633175220
979484040
4919912217
988611097
997545437
1531071426
15098703009
989513477
1015486325
1109644548
998512857
1186899743
2983027563
1707837563
971096748
1677630001
995690593
969925249
2313505947
992689991
985140410
1404562305
1029045974
985390080
16895188436
965323206
2500636124
1397732555
921927937
6811545746
988406992
2145935620
2463333385
1218038719
969456082
20527351873
2328914019
2388610909
15993397101
1186019250
992292487
948611440
1041577265
994820158
1034817039
8919558203
2217944440
903716226
1077275946
1561705699
997529170
986626110
1056702675
1057385206
988528019
1021879595
1936897600
996662612
974665916
5020068508
953219784
996668588
1734307255
877840239
994901760
3119765176
1087766665
993820989
1155369044
968818748
963727309
5499071403
2968954628
1993744376
2074078105
3441327385
997201564
1859631620
2133192924
1388590313
989622804
12985560499
974006488
1620733472
965167715
6079901894
998323593
1748986490
5136167500
952543082
27286731406
1026239398
21732434294
1492986170
984740502
1442048423
5887404651
995443243
1563195643
22966534877
993821351
995954299
3958559055
2858259682
2107389598
6882486447
996156967
6932595050
21031650304
1040722681
1217506289
1942999482
1057820500
3087526896
937900747
1483227453
1079282912
5034849104
3063158011
1986922890
7661119318
1558008684
2288675225
1033590567
1419254836
1534498371
3597324982
988189550
3512450714
2083429337
1122887449
996479500
984118446
921391245
1072310856
1018431358
1094548991
963002072
941200737
5131432438
994867396
1421947799
964400834
1285079096
1397782016
1650405818
1109352439
2264544564
1179017132
2398206378
1549575842
7081978406
1478266077
1235467923
962605168
996428189
972795889
930403899
1402930805
946808997
11795979648
1552737255
1615201578
988096139
1211089101
1479340186
974792408
1443416112
972218203
1600369011
1349131096
989136918
993952109
984171226
994409916
1767277457
987006658
987193883
1491011022
6795678443
2389944488
1335181982
1710261784
1982242952
3163760023
1402142359
1321492688
2297869404
4561197091
957210893
1609259186
1872792087
988915480
2802281678
1981755044
999127209
1172267047
1507513444
2748337506
988516299
2615317954
978505890
2613889596
1607688165
1714424402
1248189824
1168673984
1696467321
1339295469
971556278
4917604526
1485980048
2928065834
1054591626
1332962377
987587038
992259925
992017974
979674362
1621132252
993034918
1917609476
999917497
1791987959
1248778430
1850096026
3162443405
3865758327
969353074
1167554212
8818550681
1226540258
1570532467
997385180
1770558551
897728057
997704727
2266736092
990446500
16753282107
999285498
986780938
1779349971
956548973
6204616919
1714516562
1595548747
20338159807
984026466
1398267531
965328892
2282564396
1646213859
1016252040
979017630
1621536897
1620545935
965614661
985249764
992455787
972077085
951089124
990105186
2126703232
999520405
1777400173
990772015
4312974957
5812260392
1041679505
1078164140
963668521
2934390889
1178118991
2420099041
1979363861
1241985704
1666624075
994839305
2065850420
1470750534
994121457
17834331068
1457036478
1919334681
1759011948
925673873
962070588
973226141
1907516678
994013189
996072513
983490001
973548124
993804172
1451399437
7261775659
42226634123
2578138930
43510004266
1992639865
978614803
980329373
2058757675
3799547630
997040096
1127617062
984134255
1549393944
1210051780
998498254
3287551104
2319137472
980747206
1859816021
2588070910
989120840
4052225944
999038531
980405084
4068471805
2656170615
2016836163
1052784782
983758473
1962599494
1176278425
1613937285
3981404349
2252654311
2586909214
929438921
1318067100
993989028
975649307
3617406401
2725483027
1472301379
1084049838
4544781486
6974773423
5252980704
1090648577
1079369547
1372984626
989514777
1084706465
1415644626
6708556552
994579045
1220715271
1322396210
959477964
21678773072
1093187106
993912656
2742491611
999223295
4506444341
1292923785
971246355
984930648
1333110200
945151764
5267369823
994684277
6532414151
1335162100
1016649741
986812720
997403226
977563931
971320299
1270976197
1380093697
3412984837
5251444794
1535940292
6651378720
7563031764
1166157999
1884188790
1935343636
2842431712
1163764112
1630966290
986996048
3186565448
996328300
1927962012
1290060991
984015654
10245230283
971962495
999371414
988596902
1775473624
5529714727
979099842
999780287
1868813038
1463326586
997537165
1373982426
940174373
993390658
1263656669
1891408317
1360176298
1302284044
962027186
1752560953
2010458430
1214504249
2404594973
1378887818
996356750
2565843796
8495659967
4684046408
993867335
3104031294
1445921056
2841554313
1154704962
2110794597
975438176
13470016441
1310892064
5297584103
900727648
2160101567
2137255557
979424394
967058066
1656467691
974133882
10069898482
3950702163
1197240916
1129279423
1672867191
5403311050
1795249845
1177674895
997416584
2171084321
2628284148
997724225
1703368146
998730361
993034239
1443475251
969613908
1271730851
978548583
993066011
1597509485
1211389053
999202086
977649574
1056309792
1142396056
1060258693
1743975145
38153738298
2447488969
1901606231
1119757254
986013809
1901619816
1245573233
1000892645
1573915732
4316174370
1778314359
1170310919
2746348689
999428217
1037453523
3424683227
4862061097
1368503249
1632499739
968859384
988834120
1807850699
890107497
1467563646
996750065
967319594
2755450645
1502305200
1151354388
4396511206
6432762811
866154863
991674143
1614452213
1093235713
987392308
2663896939
997075747
3132957147
986699502
4461828200
2000056350
1044360278
6398527278
968605959
1940045249
1717104163
5936889433
1308834210
1195504893
1359084291
1667980773
1252401992
2466941732
2249291938
2515302633
2146291295
890300908
2779423824
3027418046
14211934779
982155572
1316112727
2157002500
6960836986
997803075
991153024
1444690948
2879770532
964923081
1329424860
982600511
1460309465
956854992
3600388117
5244433661
984967323
923383370
1026164119
978440957
997918855
945929990
993836419
1546650688
1893890029
986884305
13704680708
2084082753
990830887
994455593
1478190418
6713629382
992388461
7510248772
7554328726
2726817070
941908864
997619113
1333571991
1373052399
992403613
1726081417
1489631245
998359634
1068189422
983483895
11683863822
1094377254
1410611473
2485530638
968140141
969164368
4939387997
999804718
8567315593
998304023
9852719147
3439751081
2808650229
2246426549
984962671
959300575
1270378564
7807276409
996301227
1894949389
986347777
969022157
1356180823
1616241203
984716127
2358365409
1596205075
990275459
951305773
1751058557
992221175
3724485137
4735241653
1472622244
987134308
3491524007
4508199711
2561863662
1614457337
2136801250
1584454211
992816334
1012683241
960718060
2110377184
3398685875
984985002
1335953364
983783341
983782923
984384044
2085319715
3825488581
4197488717
993015390
2054908875
990505943
985736843
3351083391
999030438
964429119
993329503
2699680458
1236407521
1932898083
1064449496
1265960374
19200682696
1164018980
1355919666
1502940438
3251829549
975444465
1319444948
987408527
1805241365
970119966
1144000815
1937595786
1161738453
991748556
3027420897
4132036438
1766325878
1207024318
22714508089
1442534114
999927459
988011397
1286361036
997771597
1521099861
982893626
996460372
3645415494
976133708
971709456
1685626297
39885263802
2077306390
2473984212
985795790
1755622407
6724278921
973242817
2309412026
1802313666
931110890
1033656259
998098651
999837004
968425708
982153480
1801289596
2066359116
1375459655
1537907769
994029641
1176865715
1765093657
901639880
1079614322
999796235
1516803620
2432719648
990549740
1253242971
1138327191
1956650571
1310807124
2896294989
2859099669
1651598768
4020040101
995439853
5293019875
930544937
3769062612
2094723517
7454033842
980235334
938197693
987874289
998029187
4300265852
1101036249
1092303673
1045292591
890749467
993928188
1545135568
925089247
2507217652
13839779431
5270868903
1358588816
1266339457
8595346216
3889048874
979076673
1268481432
977268194
4049302260
810761601
998480410
998906465
1947719964
1281637748
997887952
957801693
996958142
989005667
6330161249
1451421828
996705252
3623620476
2183038602
1465998248
3169572580
1332467347
1393437830
993027356
1265523518
998470884
4327439697
974228283
998127065
2171226798
1197310507
1920016296
1851988583
1582788363
999926597
1388787948
2359362436
1670210494
1446991900
1709021306
954891760
37228584483
28637040567
1058859152
993004005
1116672133
999669352
4360782657
987699674
2591924668
1290386292
5418453588
1152012070
932046244
3706101245
1637426550
1240865041
1657137254
4571293701
990364642
1001279227
982338280
4486594345
7112632903
988943583
985299868
1585047299
2141847764
2203987738
1214720334
1243257301
1637732131
5873786261
2342437814
974457651
988198430
883433656
1827991257
1830798405
1553646367
4038180151
3489925960
3894254335
1122627835
990776684
10453090654
1832394657
6718442782
987662974
984509187
1359765293
1651455776
1327871622
1621160707
3785355193
2078695307
995051520
4791974133
987691648
2729625608
4527220211
2445667987
996954465
3581791349
2588073374
1925527645
3057952076
2158774498
3032002381
994081452
1233989149
1278192075
988927443
1566499585
2730986702
1752726772
1065796215
1199230592
961707128
958741378
2621794049
2999733880
992395478
1479698783
1140262934
1230804764
1003915348
985560746
1158638457
994056135
999797921
924554840
3617897053
1323734839
1614567751
986255263
1326957710
5231437838
915017757
964354342
1609464305
946753182
9217884919
1020576433
978632488
3026150256
1641563424
1004328227
970931409
954028731
997666815
1350207076
1507979849
1345516444
1011246626
985439531
1849383263
1216382311
2934883833
999778604
2017063027
1011297733
993312909
8410814209
3583712358
911813894
1648999309
983494563
998090345
3425495809
1295952560
992808172
988013823
964699926
1480259094
6832245620
1053670478
5624357073
990252150
922057410
1415513120
14720391547
5077069665
1749287548
975462524
3926670686
999100154
1507706868
1490486993
971486139
962956187
971449942
990682675
1561015259
1037158571
994739241
1262995123
23688624873
989410075
4949785772
914887869
998630344
997605438
1272688890
1296580599
13752192575
5846537510
1013687620
1099126816
6525115239
1566725858
2021065861
2498324827
1278138369
995904533
989938992
2834446739
960300223
1339647373
989939423
1308457961
4074569219
1064847241
973760298
989887180
935250792
2035922340
3186289594
2217616077
1294157281
989860843
1521282565
2396794535
991282075
986598077
10290072824
7971629299
2584344376
998586881
1286605088
953368535
15253496413
1139223250
1799896263
997585799
1219571323
989522361
1226380309
6159957294
1581002007
991705605
2402519627
998088217
1653332526
980966314
1240497515
984067601
1365302213
2551122867
1623702026
4052483497
2710664611
2791392039
987178707
996782238
990151075
1169117003
3299729360
996895568
3913785980
983230446
992018396
2576722926
988400569
12133998738
2272505570
995771514
8576420178
992946507
996007320
2910325690
1572466242
981232442
972411694
3431912138
3580641436
919833675
2855253481
3523442248
1259400695
990523900
3159354220
1409888409
998875575
979131293
993724713
1228898383
1121432374
998673839
1302541293
3780997977
1477477435
986253098
997599442
1650074155
2756547237
883140932
997630660
20575921645
1673008457
1123819977
991315479
1784914352
5776995939
1888841871
2385220357
1014589496
1256335457
982031603
1042163839
993876121
17145311073
995028769
960784105
993906565
993274715
1447333092
3386268359
2120773254
1662354321
1791623736
978170828
961096425
1405196469
979876708
931785520
999053916
969911052
1437233746
2009923422
1343402469
1688551556
1149509533
3887919722
1064602968
10891585304
971185879
1180878660
1673102820
1625314913
1111807535
1245014446
1899998046
1959529783
2382577665
1031965562
21401999614
996930507
3328647897
2580612426
920017020
1736739576
9683009000
985008632
1654860072
1101363421
1821307528
992113340
997348091
1026493413
936894508
975252751
1444889280
3144676063
997804476
2582042625
1804724346
6698341651
999224481
8358899357
987538945
1251237249
1278426969
3282797583
903684125
981616847
2708194241
995566553
1020404211
1314534837
984475741
986423594
1045018094
1321325892
3343118272
1024705452
997351595
989338853
1487145701
1561483276
27388381273
1773566284
1663431008
10094334937
978722199
887323202
981250403
990380530
1315634253
3978568783
1417330029
1833395565
993099584
3254730168
986464765
1358132087
1126175260
22853421052
1755120763
941367531
16708442959
1327413771
1449674328
1411112543
944856973
999605633
2200697360
6707951831
1314225467
999333430
2816714717
1320282383
4210871410
1288934990
1063429070
3154164345
1273313881
974677517
969772020
965772624
978274897
994403855
1173529324
1762738142
9591672030
14997331375
5875093034
7505233187
985397140
1078625696
2662948919
1132364403
938889758
3254444852
1007609561
1366710629
1594188385
984626771
884568722
922720660
983490189
1498357025
1970932151
887946659
2085524968
1590590052
997205737
3067461656
993354678
1336132081
1549326714
976731921
1801114947
1708091022
991050638
1278009485
993396708
9722830784
7265985634
929234221
981985495
930711813
1650478818
1003505492
1788108769
1483405987
1444719153
11610092392
4138064181
1017400125
1128118324
1008351679
2546869580
953641679
2855378973
991757662
1514010424
995605077
5069151294
2866740679
1561814047
1190018714
1052444685
2093498260
994767770
1329931697
1260773289
6041854083
3457599732
1887724751
1187170055
978595302
947139586
1310399859
1224199176
4457519511
1170786899
1924319557
996755639
2299961978
12626946799
3846837147
5762750326
1103055347
4223946174
997383163
6576445771
970565377
921819702
1425298113
3242981401
1364990043
998779221
3637535885
3507003238
993176731
1392476689
979115493
997713745
981306457
1344143704
971477228
1653637071
2794949234
971435687
966344334
29496259752
1292374822
1769798774
1104874927
982318637
1104166040
987918484
3828065911
4121199439
3684656092
954585877
12716490580
993000067
1640301396
996073880
2643562737
1286711476
3541435815
988849761
1025415755
999017775
985456174
935930839
998507368
1346461794
933254632
10817028449
985625843
1117119808
2624168511
996708711
6951702356
9636787739
5119323034
976427915
1553763680
6765920609
988995550
986937723
