99999649
99999606
99999604
99999343
99999323
99999263
99999197
99998884
99998839
99998783
99998605
99998491
99998347
99997964
99997840
99997782
99997562
99997391
99997377
99997235
99997182
99997063
99997040
99996988
99996789
99996721
99996660
99996584
99996497
99996472
99996116
99995824
99995695
99995545
99995509
99995448
99995299
99995034
99994894
99994851
99994844
99994822
99994674
99994565
99994548
99994430
99994206
99994169
99994105
99994092
99994080
99993870
99993855
99993706
99993599
99993590
99993505
99993292
99993140
99992991
99992966
99992834
99992669
99992547
99992417
99992030
99991969
99991929
99991898
99991843
99991436
99991371
99991347
99991200
99991142
99991129
99991127
99990995
99990885
99990779
99990733
99990576
99990532
99990512
99990446
99990434
99990405
99990403
99990362
99990280
99990263
99990256
99990222
99990131
99990037
99989960
99989282
99989131
99989028
99988929
99988883
99988857
99988851
99988774
99988607
99988490
99988178
99988164
99987993
99987959
99987922
99987625
99987471
99987378
99987270
99987131
99987058
99987052
99986944
99986920
99986887
99986849
99986840
99986762
99986722
99986660
99986641
99986626
99986588
99986577
99986458
99986441
99986340
99986302
99985947
99985852
99985818
99985787
99985653
99985595
99985508
99985412
99985382
99985366
99985206
99985195
99985144
99985081
99984957
99984805
99984803
99984724
99984646
99984278
99984194
99984043
99983993
99983947
99983858
99983775
99983765
99983599
99983592
99983520
99983429
99983168
99983078
99982901
99982872
99982863
99982832
99982685
99982659
99982644
99982632
99982619
99982364
99982173
99982118
99981998
99981088
99980954
99980822
99980804
99980774
99980737
99980689
99980639
99980635
99980377
99980305
99980051
99980050
99979980
99979830
99979562
99979539
99979453
99979422
99979372
99979171
99978899
99978897
99978888
99978885
99978823
99978693
99978542
99978440
99978369
99978368
99978330
99978248
99978157
99978140
99978096
99978048
99978047
99977982
99977904
99977820
99977740
99977699
99977505
99977436
99977364
99977107
99976719
99976620
99976591
99976577
99976496
99976398
99976252
99976165
99975768
99975762
99975690
99975686
99975617
99975609
99975600
99975291
99975073
99975071
99975071
99975018
99974862
99974776
99974654
99974554
99974542
99974493
99974360
99974259
99974128
99974113
99973993
99973970
99973909
99973799
99973774
99973718
99973353
99973347
99973276
99973014
99972924
99972919
99972685
99972653
99972618
99972533
99972383
99972266
99972002
99971957
99971918
99971914
99971736
99971627
99971562
99971547
99971422
99971410
99971409
99971399
99971380
99971287
99971203
99971164
99971135
99970864
99970756
99970748
99970707
99970429
99970168
99970158
99970135
99970129
99969912
99969758
99969754
99969509
99969260
99969227
99969222
99969190
99969130
99968899
99968780
99968663
99968511
99968351
99968223
99968222
99968201
99968165
99968066
99967663
99967663
99967634
99967500
99967297
99967040
99967039
99966999
99966980
99966845
99966790
99966776
99966672
99966516
99966434
99966284
99966162
99966133
99966089
99965970
99965917
99965879
99965798
99965791
99965633
99965356
99965299
99965082
99965048
99965042
99964938
99964913
99964811
99964801
99964633
99964290
99964223
99964222
99964194
99964048
99964036
99964027
99963453
99963453
99963421
99963265
99963248
99963033
99962991
99962915
99962889
99962802
99962606
99962567
99962505
99962416
99962343
99962308
99962228
99962217
99962172
99962144
99962028
99961849
99961843
99961565
99961408
99961166
99961157
99961105
99960987
99960985
99960709
99960701
99960689
99960606
99960281
99960115
99960076
99959952
99959833
99959819
99959818
99959700
99959347
99959281
99959276
99959228
99959179
99959028
99959011
99958884
99958853
99958790
99958499
99958150
99957931
99957928
99957824
99957810
99957789
99957707
99957579
99957521
99957428
99957371
99957365
99957359
99957339
99957299
99957184
99957128
99957060
99956981
99956901
99956889
99956847
99956845
99956624
99956442
99956174
99956152
99955652
99955626
99955606
99955472
99955352
99955250
99955165
99955088
99955076
99955025
99954957
99954844
99954575
99954284
99954262
99954259
99953978
99953957
99953575
99953570
99953530
99953405
99953282
99953273
99953131
99953100
99953023
99952966
99952894
99952764
99952735
99952700
99952675
99952434
99952425
99952293
99952231
99952144
99951988
99951960
99951947
99951702
99951682
99951670
99951562
99951493
99951473
99951360
99951281
99951228
99951193
99950997
99950877
99950768
99950524
99950193
99950118
99949960
99949907
99949841
99949812
99949750
99949536
99949529
99949517
99949433
99949238
99949225
99949024
99948997
99948916
99948837
99948746
99948656
99948630
99948603
99948433
99948203
99948181
99948093
99947775
99947509
99947402
99947378
99947231
99947192
99947029
99946667
99946652
99946522
99946506
99946459
99946415
99946336
99946228
99946093
99946090
99946038
99945994
99945506
99945430
99945336
99945333
99945317
99945176
99945091
99945085
99945075
99944999
99944858
99944797
99944775
99944705
99944564
99944517
99944485
99944469
99944380
99944319
99944313
99944176
99944152
99944140
99944091
99944065
99944008
99943934
99943790
99943157
99943073
99943025
99942859
99942782
99942571
99942360
99942241
99942221
99942123
99942055
99941887
99941692
99941670
99941669
99941455
99941411
99941368
99941320
99941249
99941236
99940997
99940796
99940742
99940740
99940655
99940602
99940437
99940182
99940149
99940122
99940110
99939938
99939828
99939724
99939719
99939669
99939656
99939645
99939408
99939336
99939217
99939034
99938966
99938647
99938579
99938496
99938494
99938421
99938362
99938337
99938214
99938030
99937972
99937972
99937934
99937780
99937680
99937519
99937443
99937291
99937289
99937228
99937178
99937045
99936870
99936723
99936707
99936486
99936480
99936425
99936409
99936333
99936323
99936267
99936208
99936181
99936054
99936037
99936030
99936011
99935967
99935950
99935949
99935701
99935697
99935598
99935564
99935539
99935448
99935315
99935257
99935131
99935030
99934552
99934303
99934197
99934183
99934160
99933994
99933919
99933917
99933910
99933825
99933822
99933750
99933718
99933652
99933649
99933643
99933606
99933576
99933557
99933339
99933299
99933248
99933099
99932980
99932827
99932820
99932420
99932384
99932167
99932037
99931747
99931687
99931648
99931616
99931580
99931436
99931435
99931416
99931269
99931266
99931191
99931099
99931071
99931046
99930906
99930895
99930876
99930818
99930768
99930727
99930656
99930306
99930179
99930175
99930157
99929911
99929840
99929754
99929754
99929610
99929513
99929485
99929436
99929435
99929421
99929252
99929153
99928989
99928930
99928561
99928507
99928477
99928303
99928275
99928186
99928074
99927890
99927629
99927605
99927520
99927396
99927396
99927389
99927379
99927362
99927317
99927243
99927118
99926997
99926995
99926918
99926780
99926773
99926342
99926270
99926222
99926197
99926188
99926119
99926109
99926088
99925863
99925781
99925450
99925431
99925224
99924812
99924305
99924115
99923964
99923822
99923712
99923673
99923553
99923532
99923407
99923391
99923342
99923210
99923159
99923069
99923006
99922979
99922849
99922848
99922834
99922826
99922766
99922728
99922624
99922612
99922494
99922318
99922202
99922192
99922163
99921829
99921559
99921538
99921445
99921386
99921373
99921350
99921350
99921335
99921182
99921099
99921095
99920849
99920818
99920723
99920533
99920511
99920453
99920381
99919940
99919841
99919791
99919707
99919654
99919643
99919552
99919404
99919232
99919098
99919071
99919021
99918763
99918716
99918712
99918597
99918448
99918383
99918244
99918165
99918083
99917985
99917952
99917918
99917633
99917561
99917492
99917345
99917253
99917213
99917158
99917144
99917142
99917102
99916960
99916867
99916830
99916769
99916685
99916525
99916394
99916386
99916338
99916202
99916151
99915400
99915341
99915332
99915302
99914964
99914717
99914680
99914539
99914461
99914393
99914299
99914259
99914128
99914097
99914002
99913997
99913991
99913897
99913774
99913769
99913741
99913735
99913218
99912779
99912591
99912453
99912451
99912378
99912375
99912367
99912294
99911893
99911843
99911831
99911639
99911637
99911557
99911281
99910929
99910566
99910474
99910455
99910442
99910435
99910361
99910315
99910252
99910193
99910093
99910078
99910068
99909945
99909844
99909830
99909792
99909764
99909651
99909632
99909472
99909432
99909382
99909140
99909106
99909095
99909085
99908981
99908747
99908738
99908718
99908682
99908611
99908531
99908353
99908346
99908307
99908265
99908215
99908131
99908126
99908097
99908090
99908076
99908041
99907977
99907872
99907855
99907833
99907772
99907728
99907673
99907663
99907536
99907533
99907496
99907279
99907114
99907058
99906930
99906556
99906537
99906461
99906367
99906346
99906341
99906326
99906188
99906184
99906102
99906040
99905775
99905760
99905533
99905507
99905298
99905276
99905250
99905246
99905180
99905087
99905074
99905030
99904987
99904985
99904693
99904645
99904008
99903725
99903711
99903572
99903334
99903316
99903251
99903149
99903088
99903078
99903037
